001
1.29
PD500-0212
001157 001239 001049
1.11 1.40 1.30
BRK TRAN 1 TREE 3
27.06.2015
13:10:06
010
10000
05014
1
05000
00844
0150
5000
0055
0458
03875
04065
4
1
1
1
1
0
+00.0
089.6
-00.8
006.9
0
0
0
0
0
000
00000
0
0
000
000
00000
0
0
0
000
00000


0
0
0
00000
000
00000
0
000
000
000
00000
00000
000
000
00000
000
000
00000
000
000
00000
0
0
0
00000
00000
000
000
00.0
000
000
000
00000
000
000
0
0
0
00000
000
00000
000
000
0
0
0
00000
00000
00000
00000
00000
00000
0
0
000
00000
000
0
000
00000
000
0
00000
000000




00000-00000: 
00000-00000: 
00000-00000: 
00000-00000: 
00000-00000: 
00000-00000: 
IRON BARK





00000;00000
00000;00000
00000;00000
00000;00000
00000;00000
00000;00000
00000;00000
00000;00000
00000;00000
00000;00000
00000;00000
00000;00000
00000;00001
00000;00001
00000;00001
00000;00001
00000;00006
00000;00007
00000;00007
00000;00008
00000;00010
00001;00015
00003;00020
00007;00025
00009;00025
00009;00025
00010;00020
00010;00019
00010;00019
00010;00019
00011;00016
00013;00011
00015;00005
00015;00000
00019;00000
00025;00000
00028;00000
00029;00000
00029;00000
00028;00000
00027;00008
00023;00008
00018;00008
00015;00008
00009;00008
00003;00008
00000;00011
00000;00011
00000;00012
00000;00016
00001;00012
00004;00016
00010;00026
00017;00039
00025;00078
00037;00113
00050;00131
00062;00153
00074;00175
00087;00193
00097;00204
00107;00215
00117;00216
00124;00233
00131;00211
00135;00193
00142;00196
00153;00193
00159;00191
00161;00189
00163;00197
00165;00205
00165;00226
00167;00214
00170;00221
00178;00241
00185;00262
00186;00265
00193;00269
00212;00277
00233;00298
00257;00320
00281;00337
00305;00376
00327;00414
00347;00445
00367;00467
00390;00511
00414;00563
00435;00617
00457;00658
00479;00690
00503;00710
00528;00722
00551;00735
00579;00763
00607;00802
00638;00850
00668;00898
00698;00930
00726;00960
00753;00992
00776;01059
00805;01146
00837;01224
00869;01289
00905;01328
00938;01340
00966;01323
01000;01318
01039;01319
01085;01355
01144;01381
01215;01383
01296;01374
01386;01339
01478;01282
01579;01237
01692;01183
01744;01094
01781;00989
01813;00849
01814;00694
01802;00541
01775;00401
01726;00290
01671;00220
01610;00164
01519;00143
01427;00164
01392;00199
01341;00236
01321;00264
01310;00283
01298;00303
01283;00324
01261;00350
01241;00365
01230;00356
01219;00329
01213;00293
01195;00263
01154;00259
01099;00272
01037;00288
00983;00302
00942;00324
00894;00352
00859;00389
00848;00441
00818;00501
00795;00562
00790;00602
00804;00636
00829;00672
00846;00719
00860;00758
00873;00805
00875;00869
00881;00934
00903;00997
00939;01049
00979;01120
01007;01189
01037;01260
01077;01308
01120;01339
01155;01361
01178;01359
01197;01357
01208;01355
01216;01384
01222;01428
01233;01489
01246;01539
01257;01593
01261;01665
01276;01731
01298;01825
01333;01912
01394;01999
01477;02023
01554;01992
01607;01942
01654;01893
01714;01871
01792;01861
01866;01838
01938;01815
01983;01795
01984;01783
01962;01821
01967;01883
01997;01939
02025;01989
02056;02008
02090;01943
02085;01868
02069;01749
02065;01630
02086;01491
02076;01359
02061;01239
02016;01124
01942;01030
01846;00968
01748;00975
01685;01009
01641;01073
01600;01140
01532;01231
01498;01309
01460;01369
01445;01456
01477;01530
01528;01586
01557;01663
01582;01752
01602;01877
01628;01979
01669;02073
01717;02165
01762;02289
01790;02361
01782;02457
01766;02575
01763;02686
01777;02745
01810;02715
01851;02719
01891;02716
01922;02719
01946;02736
02007;02805
02083;02834
02130;02851
02151;02850
02159;02901
02152;02998
02132;03095
02106;03210
02093;03291
02068;03283
02021;03223
01979;03173
01957;03111
01946;03101
01942;03079
01944;03068
01945;03023
01949;02968
01942;02939
01936;03030
01942;03084
01950;03121
01971;03159
01983;03148
01985;03119
01991;03032
01997;02953
02000;02853
02002;02771
02008;02678
02011;02647
02015;02619
02013;02580
02018;02548
02020;02549
02009;02607
02002;02686
02001;02771
02003;02838
02003;02788
02003;02717
02000;02672
01996;02641
01988;02652
01996;02649
02009;02658
02027;02650
02045;02661
02054;02692
02065;02774
02078;02883
02088;02953
02096;03029
02107;03044
02116;03069
02126;03047
02133;03028
02142;03030
02163;02949
02185;02903
02209;02850
02230;02835
02249;02827
02261;02836
02269;02836
02282;02875
02290;02950
02293;02958
02291;03005
02286;02984
02273;02953
02262;02922
02254;02875
02249;02860
02247;02848
02239;02843
02228;02808
02220;02819
02214;02831
02207;02893
02201;02960
02196;03034
02193;03111
02187;03143
02177;03157
02172;03121
02169;03055
02164;02992
02159;02933
02158;02897
02152;02903
02138;02918
02124;02942
02110;02983
02099;03040
02089;03183
02081;03308
02075;03387
02075;03451
02074;03439
02082;03383
02100;03296
02111;03207
02117;03144
02127;03093
02132;03027
02137;03039
02143;03060
02150;03103
02164;03181
02169;03294
02163;03400
02169;03498
02177;03571
02187;03664
02201;03651
02217;03538
02227;03442
02227;03345
02221;03292
02219;03270
02221;03265
02219;03248
02220;03222
02216;03218
02201;03253
02184;03333
02179;03425
02175;03517
02173;03544
02181;03450
02188;03356
02188;03266
02188;03193
02195;03086
02211;03040
02222;03013
02222;02990
02214;02990
02202;03035
02186;03144
02181;03239
02182;03348
02184;03433
02181;03456
02169;03433
02162;03398
02159;03341
02166;03264
02178;03201
02186;03186
02190;03181
02196;03169
02198;03168
02201;03191
02221;03235
02241;03340
02254;03389
02264;03435
02271;03417
02281;03340
02292;03273
02302;03205
02307;03156
02308;03153
02302;03244
02302;03206
02309;03227
02322;03258
02336;03382
02350;03480
02363;03539
02373;03614
02392;03710
02414;03749
02435;03591
02446;03493
02451;03392
02450;03305
02451;03169
02451;03110
02448;03095
02445;03068
02441;02992
02434;02938
02429;02979
02425;03050
02425;03148
02425;03244
02424;03272
02420;03237
02419;03186
02420;03118
02427;03057
02435;03011
02441;03004
02446;02988
02457;02969
02471;02943
02480;03008
02488;03078
02498;03156
02508;03246
02511;03327
02521;03373
02528;03369
02538;03316
02541;03243
02546;03161
02552;03064
02561;03029
02568;03003
02570;02958
02572;02920
02568;02914
02565;02927
02563;02979
02563;03062
02562;03197
02562;03245
02561;03190
02559;03105
02561;03040
02566;02985
02570;02943
02574;02928
02575;02928
02573;02906
02570;02831
02569;02850
02570;02935
02575;03009
02578;03087
02579;03153
02579;03216
02584;03241
02587;03226
02589;03239
02595;03244
02605;03219
02614;03218
02615;03329
02615;03406
02621;03460
02629;03472
02636;03502
02642;03620
02646;03660
02652;03697
02653;03717
02650;03660
02651;03493
02648;03364
02644;03262
02636;03205
02621;03210
02611;03155
02610;03144
02604;03130
02602;03148
02599;03210
02598;03299
02606;03359
02610;03428
02611;03496
02610;03494
02606;03456
02596;03404
02583;03354
02567;03304
02554;03290
02543;03306
02530;03335
02524;03328
02527;03290
02536;03267
02553;03288
02574;03318
02597;03359
02619;03384
02642;03339
02666;03233
02693;03135
02720;03060
02742;03038
02767;03039
02781;03015
02789;02999
02794;03041
02801;03130
02803;03178
02799;03243
02787;03323
02775;03452
02766;03515
02751;03499
02742;03506
02738;03479
02734;03379
02733;03226
02732;03192
02740;03208
02751;03222
02759;03196
02768;03206
02772;03239
02768;03268
02765;03423
02766;03530
02765;03605
02762;03590
02757;03565
02759;03512
02756;03407
02751;03320
02757;03310
02775;03395
02790;03376
02796;03351
02797;03382
02802;03461
02809;03519
02814;03584
02823;03714
02836;03787
02848;03792
02860;03665
02876;03512
02890;03433
02900;03361
02903;03320
02898;03317
02888;03347
02879;03359
02867;03423
02853;03574
02840;03638
02820;03727
02807;03808
02806;03875
02809;03838
02817;03756
02830;03636
02839;03567
02845;03530
02845;03387
02843;03376
02850;03382
02863;03448
02872;03445
02882;03489
02883;03543
02875;03646
02873;03703
02871;03700
02877;03720
02880;03664
02873;03600
02864;03470
02864;03399
02862;03365
02858;03401
02857;03422
02855;03452
02855;03465
02853;03443
02856;03472
02866;03519
02873;03576
02877;03629
02878;03621
02887;03522
02895;03394
02896;03277
02900;03257
02906;03246
02908;03258
02912;03251
02914;03272
02907;03324
02905;03406
02907;03498
02918;03601
02937;03674
02950;03708
02963;03746
02979;03732
02989;03695
03004;03615
03026;03513
03047;03452
03052;03447
03046;03456
03037;03481
03034;03443
03032;03433
03028;03512
03033;03560
03038;03610
03040;03662
03040;03636
03048;03545
03067;03418
03086;03286
03102;03177
03118;03111
03133;03010
03143;02943
03141;02888
03140;02853
03138;02912
03139;02957
03138;03003
03139;03041
03142;03057
03145;03027
03152;03000
03165;02967
03191;02912
03223;02856
03258;02776
03303;02745
03349;02736
03390;02735
03432;02745
03478;02744
03520;02720
03552;02748
03583;02796
03611;02838
03643;02820
03673;02748
03699;02656
03734;02553
03770;02468
03799;02422
03831;02396
03867;02352
03899;02391
03920;02370
03944;02371
03972;02378
04007;02374
04034;02372
04049;02361
04065;02285
03991;02047
03786;01812
03549;01492
03306;01225
03062;00984
02796;00770
02523;00570
02243;00367
01963;00168
01689;00005
01405;00000
01206;00000
01155;00000
01128;00000
01117;00000
01103;00001
01101;00001
01099;00001
01092;00001
01085;00001
01071;00001
01054;00001
01039;00001
01035;00001
01027;00001
01022;00000
01014;00000
01003;00000
01002;00000
01004;00000
01023;00000
01048;00000
01078;00000
01112;00000
01143;00000
01176;00000
01206;00000
01237;00000
01261;00000
01288;00000
01309;00000
01330;00000
01344;00000
01347;00000
01354;00003
01353;00009
01346;00012
01332;00012
01316;00012
01293;00012
01273;00012
01252;00013
01237;00013
01229;00015
01221;00015
01225;00014
01234;00018
01247;00020
01264;00021
01278;00022
01285;00027
01284;00026
01282;00026
01277;00023
01270;00021
01259;00015
01256;00009
01260;00007
01274;00006
01295;00004
01312;00000
01334;00000
01361;00000
01398;00000
01440;00000
01482;00000
01513;00000
01550;00000
01582;00000
01602;00000
01618;00000
01645;00000
01668;00000
01682;00000
01689;00000
01709;00000
01725;00001
01745;00003
01752;00003
01754;00003
01761;00003
01777;00003
01783;00003
01766;00003
01717;00003
01647;00003
01599;00002
01563;00000
01568;00000
01541;00000
01485;00003
01387;00005
01266;00005
01150;00005
01064;00005
00985;00005
00893;00005
00777;00005
00623;00005
00509;00004
00430;00001
00376;00000
00352;00000
00345;00000
00341;00000
00338;00000
00335;00000
00332;00000
00329;00000
00326;00000
00324;00000
00322;00000
00321;00000
00319;00000
00316;00000
00314;00000
00310;00000
00307;00000
00304;00000
00301;00000
00297;00000
00290;00006
00283;00014
00278;00022
00275;00029
00269;00036
00265;00037
00260;00038
00256;00042
00254;00046
00252;00048
00255;00046
00257;00045
00260;00045
00264;00045
00269;00044
00273;00050
00279;00048
00287;00045
00292;00041
00297;00039
00301;00034
00305;00028
00308;00020
00310;00013
00311;00006
00312;00000
00310;00000
00308;00000
00306;00000
00306;00000
00306;00000
00306;00000
00305;00000
00304;00000
